1:  5 1 2 3 4 8 7 17 18 14 15 16 9 10 11 12 13 20 19 6 5
2:  5 1 2 3 4 8 9 10 11 12 13 20 19 18 14 15 16 17 7 6 5
3:  5 1 2 3 10 9 16 17 18 14 15 11 12 13 20 19 6 7 8 4 5
4:  5 1 2 3 10 11 12 13 20 19 6 7 17 18 14 15 16 9 8 4 5
5:  5 1 2 12 11 10 3 4 8 9 16 15 14 13 20 19 18 17 7 6 5
6:  5 1 2 12 11 15 14 13 20 19 18 17 16 9 10 3 4 8 7 6 5
7:  5 1 2 12 11 15 16 9 10 3 4 8 7 17 18 14 13 20 19 6 5
8:  5 1 2 12 11 15 16 17 18 14 13 20 19 6 7 8 9 10 3 4 5
9:  5 1 2 12 13 20 19 6 7 8 9 16 17 18 14 15 11 10 3 4 5
10:  5 1 2 12 13 20 19 18 14 15 11 10 3 4 8 9 16 17 7 6 5
11:  5 1 20 13 12 2 3 4 8 7 17 16 9 10 11 15 14 18 19 6 5
12:  5 1 20 13 12 2 3 10 11 15 14 18 19 6 7 17 16 9 8 4 5
13:  5 1 20 13 14 15 11 12 2 3 10 9 16 17 18 19 6 7 8 4 5
14:  5 1 20 13 14 15 16 9 10 11 12 2 3 4 8 7 17 18 19 6 5
15:  5 1 20 13 14 15 16 17 18 19 6 7 8 9 10 11 12 2 3 4 5
16:  5 1 20 13 14 18 19 6 7 17 16 15 11 12 2 3 10 9 8 4 5
17:  5 1 20 19 6 7 8 9 10 11 15 16 17 18 14 13 12 2 3 4 5
18:  5 1 20 19 6 7 17 18 14 13 12 2 3 10 11 15 16 9 8 4 5
19:  5 1 20 19 18 14 13 12 2 3 4 8 9 10 11 15 16 17 7 6 5
20:  5 1 20 19 18 17 16 9 10 11 15 14 13 12 2 3 4 8 7 6 5
21:  5 4 3 2 1 20 13 12 11 10 9 8 7 17 16 15 14 18 19 6 5
22:  5 4 3 2 1 20 19 18 17 16 15 14 13 12 11 10 9 8 7 6 5
23:  5 4 3 2 12 11 10 9 8 7 6 19 18 17 16 15 14 13 20 1 5
24:  5 4 3 2 12 13 14 18 17 16 15 11 10 9 8 7 6 19 20 1 5
25:  5 4 3 10 9 8 7 6 19 20 13 14 18 17 16 15 11 12 2 1 5
26:  5 4 3 10 9 8 7 17 16 15 11 12 2 1 20 13 14 18 19 6 5
27:  5 4 3 10 11 12 2 1 20 13 14 15 16 9 8 7 17 18 19 6 5
28:  5 4 3 10 11 15 14 13 12 2 1 20 19 18 17 16 9 8 7 6 5
29:  5 4 3 10 11 15 14 18 17 16 9 8 7 6 19 20 13 12 2 1 5
30:  5 4 3 10 11 15 16 9 8 7 17 18 14 13 12 2 1 20 19 6 5
31:  5 4 8 7 6 19 18 17 16 9 10 3 2 12 11 15 14 13 20 1 5
32:  5 4 8 7 6 19 20 13 12 11 15 14 18 17 16 9 10 3 2 1 5
33:  5 4 8 7 17 16 9 10 3 2 1 20 13 12 11 15 14 18 19 6 5
34:  5 4 8 7 17 18 14 13 12 11 15 16 9 10 3 2 1 20 19 6 5
35:  5 4 8 9 10 3 2 1 20 19 18 14 13 12 11 15 16 17 7 6 5
36:  5 4 8 9 10 3 2 12 11 15 16 17 7 6 19 18 14 13 20 1 5
37:  5 4 8 9 16 15 11 10 3 2 12 13 14 18 17 7 6 19 20 1 5
38:  5 4 8 9 16 15 14 13 12 11 10 3 2 1 20 19 18 17 7 6 5
39:  5 4 8 9 16 15 14 18 17 7 6 19 20 13 12 11 10 3 2 1 5
40:  5 4 8 9 16 17 7 6 19 18 14 15 11 10 3 2 12 13 20 1 5
41:  5 6 7 8 4 3 2 12 13 14 15 11 10 9 16 17 18 19 20 1 5
42:  5 6 7 8 4 3 10 9 16 17 18 19 20 13 14 15 11 12 2 1 5
43:  5 6 7 8 9 10 11 12 13 14 15 16 17 18 19 20 1 2 3 4 5
44:  5 6 7 8 9 16 17 18 19 20 1 2 12 13 14 15 11 10 3 4 5
45:  5 6 7 17 16 9 8 4 3 10 11 15 14 18 19 20 13 12 2 1 5
46:  5 6 7 17 16 15 11 10 9 8 4 3 2 12 13 14 18 19 20 1 5
47:  5 6 7 17 16 15 11 12 13 14 18 19 20 1 2 3 10 9 8 4 5
48:  5 6 7 17 16 15 14 18 19 20 13 12 11 10 9 8 4 3 2 1 5
49:  5 6 7 17 18 19 20 1 2 3 10 11 12 13 14 15 16 9 8 4 5
50:  5 6 7 17 18 19 20 13 14 15 16 9 8 4 3 10 11 12 2 1 5
51:  5 6 19 18 14 13 20 1 2 12 11 15 16 17 7 8 9 10 3 4 5
52:  5 6 19 18 14 15 11 10 9 16 17 7 8 4 3 2 12 13 20 1 5
53:  5 6 19 18 14 15 11 12 13 20 1 2 3 10 9 16 17 7 8 4 5
54:  5 6 19 18 14 15 16 17 7 8 9 10 11 12 13 20 1 2 3 4 5
55:  5 6 19 18 17 7 8 4 3 2 12 11 10 9 16 15 14 13 20 1 5
56:  5 6 19 18 17 7 8 9 16 15 14 13 20 1 2 12 11 10 3 4 5
57:  5 6 19 20 1 2 3 10 9 16 15 11 12 13 14 18 17 7 8 4 5
58:  5 6 19 20 1 2 12 13 14 18 17 7 8 9 16 15 11 10 3 4 5
59:  5 6 19 20 13 12 11 10 9 16 15 14 18 17 7 8 4 3 2 1 5
60:  5 6 19 20 13 14 18 17 7 8 4 3 10 9 16 15 11 12 2 1 5
